proc_codg/CODG1950.17I
     1.0            IONOSPHERE MAPS     GNSS                IONEX VERSION / TYPE
ADDNEQ2 V5.3        AIUB                18-JUL-17 20:21     PGM / RUN BY / DATE 
CODE'S GLOBAL IONOSPHERE MAPS FOR DAY 195, 2017             COMMENT             
Global ionosphere maps (GIM) are generated on a daily basis DESCRIPTION         
at CODE using data from about 300 GNSS sites of the IGS and DESCRIPTION         
other institutions. The vertical total electron content     DESCRIPTION         
(VTEC) is modeled in a solar-geomagnetic reference frame    DESCRIPTION         
using a spherical harmonics expansion up to degree and      DESCRIPTION         
order 15. Piece-wise linear functions are used for          DESCRIPTION         
representation in the time domain. The time spacing of      DESCRIPTION         
their vertices is 1 hour, conforming with the epochs of the DESCRIPTION         
VTEC maps.                                                  DESCRIPTION         
To convert line-of-sight TEC into vertical TEC, a modified  DESCRIPTION         
single-layer model mapping function approximating the JPL   DESCRIPTION         
extended slab model mapping function is adopted. The        DESCRIPTION         
mapping function is evaluated at geodetic satellite         DESCRIPTION         
elevation angles. For the computation of the ionospheric    DESCRIPTION         
pierce points, a spherical layer with a radius of 6821 km   DESCRIPTION         
is assumed, implying geocentric, not geodetic IONEX         DESCRIPTION         
latitudes.                                                  DESCRIPTION         
Instrumental biases with respect to each involved GNSS code DESCRIPTION         
observable are estimated as constant values for each        DESCRIPTION         
day. They are modeled with one set of bias parameters for   DESCRIPTION         
each satellite and each station in case of GPS and for each DESCRIPTION         
satellite-station link in case of GLONASS. The code bias    DESCRIPTION         
datum is defined by zero-mean conditions imposed on the     DESCRIPTION         
satellite bias estimates. In this file, just GPS C1W-C2W    DESCRIPTION         
satellite and station bias values are included. The         DESCRIPTION         
complete set of GNSS code bias results is provided in an    DESCRIPTION         
additional Bias-SINEX file as pseudo-absolute values        DESCRIPTION         
specific to each observable.                                DESCRIPTION         
Note: These GIM results correspond to the results for the   DESCRIPTION         
middle day of a 3-day combination analysis solving for 73   DESCRIPTION         
times 256, or 18688 VTEC parameters and 3 daily sets of     DESCRIPTION         
GNSS code bias parameters.                                  DESCRIPTION         
Contact address: code(at)aiub.unibe.ch                      DESCRIPTION         
Data archive:    ftp.aiub.unibe.ch/CODE/                    DESCRIPTION         
                 www.aiub.unibe.ch/download/CODE/           DESCRIPTION         
  2017     7    14     0     0     0                        EPOCH OF FIRST MAP  
  2017     7    15     0     0     0                        EPOCH OF LAST MAP   
  3600                                                      INTERVAL            
[...]
godz gol2 gold gope gras graz guam guat guug harb hers hert COMMENT             
hlfx hnlc hnpt hob2 hofn holb holm hrao hyde iddr ieng impz COMMENT             
ineg invk iqal irkj isba joz2 joze karr kat1 kely kerg khar COMMENT             
kir0 kiri kiru kokb kokv kouc koug kour krgg lama laut lhaz COMMENT             
lmmf lpal lpgs m0se mac1 madr mag0 maju mal2 mana mas1 mat1 COMMENT             
mate maui maw1 mbar mcil mcm4 mdo1 mdvj medi mets mgue mizu COMMENT             
mkea mnls mobj mobs monp morp mqzg mro1 nain nano naur nico COMMENT             
nist nium nklg nlib nnor not1 novm nrc1 nrmd ntus nya1 nyal COMMENT             
ohi2 ohi3 onsa opmt ous2 pado palv parc park pdel penc pert COMMENT             
pfa2 pie1 pimo pohn pol2 polv pots pove prds ptag ptbb ptvl COMMENT             
qaq1 quin rabt ramo rbay recf reso reun reyk rgdg rio2 riop COMMENT             
roth salu samo savo sch2 scrz sctb scub seyg sfer shao sofi COMMENT             
spt0 ssia sthl stjo stk2 str2 suth sutm sutv suwn sydn syog COMMENT             
tabl tabv tash tehn thtg thti thu2 thu3 tid1 tidb tixg tixi COMMENT             
tlse tn22 tong tow2 tro1 tsea tskb tuva twtf uclu ufpr ulab COMMENT             
unbj unsa urum urus usn7 usud vaco vald vill voim vtsp wab1 COMMENT             
wab2 wark wgtn whit will wsrt wtza wtzr wtzs wtzz xmis yakt COMMENT             
yar2 yar3 yarr ycba yell ykro yssk zamb zeck zim2 zim3 zimj COMMENT             
zimm                                                        COMMENT             
                                                            END OF HEADER       
[from data line 4290]
    11                                                      START OF TEC MAP    
  2017     7    14    10     0     0                        EPOCH OF CURRENT MAP
    87.5-180.0 180.0   5.0 450.0                            LAT/LON1/LON2/DLON/H
   87   87   87   86   86   86   86   86   86   86   86   86   86   86   86   86
   86   86   86   86   86   86   86   86   86   86   86   86   86   86   86   86
   85   85   85   85   85   85   85   85   85   85   85   85   85   85   85   85
   85   85   85   85   86   86   86   86   86   86   86   86   86   86   87   87
   87   87   87   87   87   87   87   87   87
    85.0-180.0 180.0   5.0 450.0                            LAT/LON1/LON2/DLON/H
   87   87   87   87   86   86   86   86   86   86   86   86   85   85   85   85
   85   85   85   85   86   86   86   86   86   86   86   86   86   86   86   86
   86   86   86   86   85   85   85   85   85   84   84   84   84   84   84   84
   85   85   85   85   86   86   86   86   87   87   87   87   88   88   88   88
   88   88   88   88   87   87   87   87   87
    82.5-180.0 180.0   5.0 450.0                            LAT/LON1/LON2/DLON/H
   86   86   86   86   85   85   85   85   85   85   84   84   84   84   84   84
   84   84   84   85   85   85   86   86   86   87   87   87   87   88   88   88
   88   87   87   87   86   86   85   85   84   84   84   84   83   83   84   84
   84   85   85   86   86   87   87   88   88   88   89   89   89   89   89   89
   89   88   88   88   87   87   87   87   86
    80.0-180.0 180.0   5.0 450.0                            LAT/LON1/LON2/DLON/H
   84   84   84   84   83   83   83   83   82   82   82   82   82   82   82   82
   82   83   83   83   84   84   85   85   86   87   87   88   88   89   89   89
   89   89   89   88   88   87   86   85   85   84   84   83   83   83   83   84
   84   85   86   86   87   88   88   89   90   90   90   90   90   90   90   89
   89   88   87   87   86   86   85   85   84
    77.5-180.0 180.0   5.0 450.0                            LAT/LON1/LON2/DLON/H
   81   81   81   80   80   80   79   79   79   79   79   79   79   79   79   80
   80   81   81   82   82   83   84   85   85   86   87   88   89   89   90   90
   91   90   90   90   89   88   87   86   85   85   84   84   84   84   84   85
   85   86   86   87   88   89   89   90   91   91   91   91   91   91   90   89
   88   87   86   85   84   83   82   82   81
    75.0-180.0 180.0   5.0 450.0                            LAT/LON1/LON2/DLON/H
   78   77   77   76   76   75   75   75   74   74   75   75   75   76   76   77
   78   78   79   80   81   82   82   83   84   85   86   87   88   89   90   90
   91   91   91   90   89   89   88   87   86   85   85   85   85   85   86   86
   87   87   87   88   88   89   90   90   91   91   92   92   92   91   90   89
   88   86   85   83   82   81   80   79   78
    72.5-180.0 180.0   5.0 450.0                            LAT/LON1/LON2/DLON/H
   75   74   73   72   71   70   69   69   69   69   69   70   71   71   72   74
   75   76   77   78   79   80   80   81   82   83   83   85   86   87   88   89
   90   91   91   90   89   88   87   87   86   86   86   87   87   88   88   88
   88   88   88   88   88   88   88   89   90   90   91   92   92   91   91   89
   88   86   84   82   81   79   78   76   75
    70.0-180.0 180.0   5.0 450.0                            LAT/LON1/LON2/DLON/H
   74   72   70   68   66   65   63   62   62   62   63   64   65   66   68   70
   71   73   74   76   77   78   78   79   79   80   81   82   84   85   87   88
   89   89   89   89   88   88   87   87   87   87   88   89   90   91   91   91
   91   90   88   87   86   85   85   86   87   88   90   91   92   92   92   90
   89   87   85   83   81   79   78   76   74
    67.5-180.0 180.0   5.0 450.0                            LAT/LON1/LON2/DLON/H
   75   72   69   65   62   59   57   56   55   55   56   57   59   61   62   64
   67   69   71   72   74   75   76   77   77   78   79   80   82   83   85   86
   88   88   88   88   87   87   86   87   87   89   90   92   93   94   95   94
   93   91   88   86   83   82   82   82   84   86   88   90   92   93   93   93
   92   90   88   86   85   83   80   78   75
    65.0-180.0 180.0   5.0 450.0                            LAT/LON1/LON2/DLON/H
   79   75   70   65   60   55   51   49   47   47   48   50   52   54   56   58
   60   63   65   68   70   72   73   74   75   76   78   79   81   83   85   86
   87   87   87   87   86   86   86   87   89   91   93   96   97   98   98   97
   95   91   88   84   81   79   78   79   81   84   87   90   93   95   96   96
   95   94   93   92   90   88   86   83   79
    62.5-180.0 180.0   5.0 450.0                            LAT/LON1/LON2/DLON/H
   85   80   73   66   59   52   47   43   41   40   41   42   44   46   48   50
   53   56   59   62   65   68   70   72   74   76   78   80   82   84   86   87
   88   88   88   87   87   87   88   89   91   94   97  100  101  102  102  100
   96   93   88   84   80   78   77   77   80   83   87   91   95   97   99   99
   99   99   98   98   97   95   93   90   85
    60.0-180.0 180.0   5.0 450.0                            LAT/LON1/LON2/DLON/H
   92   86   78   70   61   52   45   39   36   34   34   35   37   38   40   42
   44   47   51   55   59   63   67   70   73   76   78   81   84   86   88   90
   90   90   90   89   89   89   91   93   96   99  102  104  106  106  105  102
   98   94   90   86   82   79   78   79   81   85   89   93   97  100  102  102
  103  103  103  103  103  102  100   97   92
    57.5-180.0 180.0   5.0 450.0                            LAT/LON1/LON2/DLON/H
   99   93   84   75   64   54   45   38   33   31   30   30   31   31   32   33
   35   38   42   47   53   58   63   67   72   76   80   84   87   90   92   93
   93   93   93   93   93   94   96   99  102  105  108  110  110  109  107  104
  101   97   93   90   86   84   83   83   85   88   92   97  100  102  104  104
  105  105  106  107  107  107  106  104   99
    55.0-180.0 180.0   5.0 450.0                            LAT/LON1/LON2/DLON/H
  104   98   90   80   69   58   48   40   34   30   28   27   27   26   25   25
   27   30   35   40   47   53   59   65   70   76   81   86   90   93   95   96
   97   98   98   98   99  101  104  107  110  113  115  115  115  113  110  107
  103  100   98   96   93   92   90   90   91   94   97  100  103  104  104  104
  104  105  106  108  109  110  110  108  104
    52.5-180.0 180.0   5.0 450.0                            LAT/LON1/LON2/DLON/H
  107  102   95   86   75   64   54   45   37   33   30   27   25   23   21   20
   21   24   29   35   42   49   56   63   69   76   82   87   91   94   97   99
  100  102  103  105  107  110  113  117  120  122  122  122  120  117  113  109
  107  105  104  103  102  101   99   98   99  100  102  104  104  104  104  103
  103  103  104  106  109  110  111  110  107
    50.0-180.0 180.0   5.0 450.0                            LAT/LON1/LON2/DLON/H
  107  103   97   90   81   71   61   52   44   38   34   31   28   24   21   18
   19   21   26   33   40   47   54   61   68   75   82   87   91   94   97  100
  103  106  109  112  115  119  123  127  130  131  131  129  125  121  117  113
  111  110  110  111  111  110  108  107  106  106  106  106  105  104  102  101
  100  100  102  104  106  108  110  109  107
    47.5-180.0 180.0   5.0 450.0                            LAT/LON1/LON2/DLON/H
  105  101   97   91   84   77   68   60   53   47   42   38   33   28   24   20
   20   22   27   33   40   46   53   60   68   75   82   87   90   93   97  100
  105  110  115  120  124  129  134  138  140  140  139  136  132  127  122  118
  116  116  117  119  119  118  116  113  111  110  109  108  106  103  101   99
   99   99  100  102  104  105  107  106  105
    45.0-180.0 180.0   5.0 450.0                            LAT/LON1/LON2/DLON/H
  100   97   94   90   85   80   74   68   61   56   51   47   41   36   30   25
   24   26   30   35   41   48   54   61   68   75   82   86   89   92   96  100
  107  114  121  127  133  139  144  147  149  148  146  143  139  134  129  125
  123  122  124  125  125  124  121  118  115  113  111  108  105  103  100   99
   99  100  100  101  102  103  103  102  100
    42.5-180.0 180.0   5.0 450.0                            LAT/LON1/LON2/DLON/H
   95   91   88   85   83   81   77   73   69   64   61   56   51   45   38   33
   31   31   35   39   45   50   56   62   69   77   83   87   90   92   96  101
  109  118  127  134  141  147  153  156  157  156  153  149  146  142  138  134
  131  130  130  131  131  128  125  121  118  116  113  109  106  103  101  101
  102  103  104  103  103  102  101   99   95
    40.0-180.0 180.0   5.0 450.0                            LAT/LON1/LON2/DLON/H
   90   85   81   79   78   78   77   75   73   71   69   66   61   55   48   42
   38   38   40   44   48   52   58   64   71   79   85   89   92   94   98  104
  113  123  133  141  149  155  160  163  163  161  159  156  154  151  148  144
  140  139  138  138  136  133  129  125  122  119  116  111  107  104  104  105
  108  110  110  108  106  103  100   96   90
    37.5-180.0 180.0   5.0 450.0                            LAT/LON1/LON2/DLON/H
   87   80   74   71   71   72   73   74   74   74   74   73   70   65   57   50
   45   44   45   48   51   55   59   66   73   81   88   93   96   98  102  108
  118  128  139  148  155  161  165  168  168  166  164  162  162  161  159  155
  152  149  148  147  144  140  135  131  128  126  121  116  111  108  108  111
  115  117  117  115  111  106  100   94   87
    35.0-180.0 180.0   5.0 450.0                            LAT/LON1/LON2/DLON/H
   84   76   69   64   63   65   67   69   71   73   76   78   77   73   66   58
   52   49   48   50   53   56   61   67   75   84   91   97  101  104  109  115
  124  135  145  153  160  165  170  173  173  171  168  168  169  171  170  168
  164  162  161  159  156  151  146  142  139  136  130  123  117  114  115  118
  123  125  125  121  115  108  101   93   84
    32.5-180.0 180.0   5.0 450.0                            LAT/LON1/LON2/DLON/H
   83   74   65   60   57   58   60   62   66   70   75   80   81   78   71   63
   56   52   51   52   54   57   61   67   75   85   94  101  107  112  116  122
  131  141  150  158  164  169  173  176  177  175  173  173  177  180  181  180
  178  176  176  175  172  167  161  157  154  150  143  134  126  122  122  126
  129  131  130  125  118  109  101   93   83
    30.0-180.0 180.0   5.0 450.0                            LAT/LON1/LON2/DLON/H
   83   74   65   58   54   53   54   56   59   65   72   79   82   81   75   67
   59   53   52   52   54   56   60   66   74   84   94  104  111  118  123  129
  137  146  155  162  167  172  177  180  181  180  179  180  184  189  192  192
  191  192  193  194  192  187  181  177  173  167  158  148  138  132  131  132
  134  135  132  126  117  109  100   92   83
    27.5-180.0 180.0   5.0 450.0                            LAT/LON1/LON2/DLON/H
   84   76   68   60   55   52   51   52   54   60   68   76   81   81   76   68
   60   54   52   53   54   56   59   64   72   82   92  103  113  121  128  134
  141  150  158  165  170  175  180  185  187  187  186  188  193  199  202  203
  204  207  211  214  214  209  204  198  193  186  176  163  152  144  140  138
  137  134  130  123  115  106   98   91   84
    25.0-180.0 180.0   5.0 450.0                            LAT/LON1/LON2/DLON/H
   84   79   72   65   59   55   52   51   52   57   65   73   79   80   76   68
   61   55   53   53   54   55   57   61   68   77   88  100  111  121  129  136
  144  152  161  168  173  178  185  191  194  195  195  197  202  208  211  213
  215  220  227  233  234  231  225  219  212  203  192  179  167  157  150  144
  138  132  125  118  110  101   94   89   84
    22.5-180.0 180.0   5.0 450.0                            LAT/LON1/LON2/DLON/H
   84   81   77   71   65   60   56   53   53   56   63   70   76   77   74   68
   61   56   54   54   55   55   55   58   63   72   82   94  106  118  128  136
  144  153  163  171  177  183  190  198  203  205  206  208  213  218  220  221
  224  230  240  248  251  248  242  235  228  218  207  194  182  171  160  149
  138  128  120  112  105   97   90   86   84
    20.0-180.0 180.0   5.0 450.0                            LAT/LON1/LON2/DLON/H
   83   83   80   76   72   67   63   59   57   58   62   68   72   74   72   67
   61   57   55   55   55   54   53   54   59   66   76   87  100  113  124  134
  143  154  165  175  182  189  197  206  212  216  217  220  224  228  228  228
  230  237  247  257  261  259  254  246  238  229  218  207  196  184  170  154
  137  124  114  108  101   93   87   84   83
    17.5-180.0 180.0   5.0 450.0                            LAT/LON1/LON2/DLON/H
   82   82   82   80   77   74   70   66   63   62   64   66   69   71   70   67
   62   58   56   56   55   53   51   52   56   62   71   80   93  106  119  131
  142  155  168  180  189  197  205  215  222  226  229  231  235  237  236  234
  235  240  250  259  264  263  258  251  243  234  226  217  207  195  179  158
  137  121  111  105  100   93   86   82   82
    15.0-180.0 180.0   5.0 450.0                            LAT/LON1/LON2/DLON/H
   81   81   81   80   79   78   75   72   69   66   65   66   66   67   68   66
   63   59   57   57   55   52   49   50   54   60   68   76   87  101  115  128
  142  156  172  186  196  205  213  222  230  235  238  241  244  245  243  239
  237  240  247  255  260  260  256  250  243  236  229  223  215  203  185  162
  138  120  110  105  102   95   88   82   81
    12.5-180.0 180.0   5.0 450.0                            LAT/LON1/LON2/DLON/H
   80   79   78   77   78   78   78   76   73   69   66   65   64   65   66   66
   63   60   58   57   54   50   47   48   53   60   67   74   84   97  112  127
  142  159  176  192  203  212  220  228  235  240  243  246  249  250  247  242
  239  239  242  247  251  252  250  246  240  234  229  225  218  206  188  163
  138  119  110  108  106  100   91   84   80
    10.0-180.0 180.0   5.0 450.0                            LAT/LON1/LON2/DLON/H
   81   77   74   73   74   76   77   76   73   70   66   63   61   62   64   65
   63   60   58   56   53   48   44   46   53   62   69   76   84   96  111  127
  144  162  180  196  208  216  224  231  236  240  243  245  249  250  249  244
  239  236  236  238  241  243  242  240  235  231  227  222  216  205  186  162
  137  119  112  111  111  106   96   87   81
     7.5-180.0 180.0   5.0 450.0                            LAT/LON1/LON2/DLON/H
   82   76   71   68   68   71   73   73   71   68   64   61   59   59   62   64
   63   60   57   54   50   45   41   43   52   63   72   79   86   97  112  129
  146  165  183  199  210  217  223  229  232  235  236  239  242  245  246  243
  238  234  230  229  231  233  234  233  230  226  221  216  209  198  180  157
  134  118  112  113  115  111  101   91   82
     5.0-180.0 180.0   5.0 450.0                            LAT/LON1/LON2/DLON/H
   84   76   69   65   64   65   67   67   65   63   60   57   56   57   60   63
   62   58   55   52   48   43   38   41   51   64   75   82   89  100  115  131
  148  165  183  197  207  214  218  221  223  224  224  226  230  235  238  239
  236  231  225  222  222  224  226  226  223  219  213  207  198  186  169  149
  129  115  111  113  116  113  105   94   84
     2.5-180.0 180.0   5.0 450.0                            LAT/LON1/LON2/DLON/H
   87   79   70   64   61   61   61   60   59   57   56   54   53   54   58   60
   60   56   53   50   46   40   35   37   48   63   75   84   92  102  116  132
  148  164  179  192  200  205  208  209  209  208  207  209  213  219  226  231
  231  227  220  215  214  216  218  217  214  209  202  194  183  170  155  139
  122  111  107  110  113  112  105   96   87
