proc_codg/CODG1950.17I
     1.0            IONOSPHERE MAPS     GNSS                IONEX VERSION / TYPE
ADDNEQ2 V5.3        AIUB                18-JUL-17 20:21     PGM / RUN BY / DATE 
CODE'S GLOBAL IONOSPHERE MAPS FOR DAY 195, 2017             COMMENT             
Global ionosphere maps (GIM) are generated on a daily basis DESCRIPTION         
at CODE using data from about 300 GNSS sites of the IGS and DESCRIPTION         
other institutions. The vertical total electron content     DESCRIPTION         
(VTEC) is modeled in a solar-geomagnetic reference frame    DESCRIPTION         
using a spherical harmonics expansion up to degree and      DESCRIPTION         
order 15. Piece-wise linear functions are used for          DESCRIPTION         
representation in the time domain. The time spacing of      DESCRIPTION         
their vertices is 1 hour, conforming with the epochs of the DESCRIPTION         
VTEC maps.                                                  DESCRIPTION         
To convert line-of-sight TEC into vertical TEC, a modified  DESCRIPTION         
single-layer model mapping function approximating the JPL   DESCRIPTION         
extended slab model mapping function is adopted. The        DESCRIPTION         
mapping function is evaluated at geodetic satellite         DESCRIPTION         
elevation angles. For the computation of the ionospheric    DESCRIPTION         
pierce points, a spherical layer with a radius of 6821 km   DESCRIPTION         
is assumed, implying geocentric, not geodetic IONEX         DESCRIPTION         
latitudes.                                                  DESCRIPTION         
Instrumental biases with respect to each involved GNSS code DESCRIPTION         
observable are estimated as constant values for each        DESCRIPTION         
day. They are modeled with one set of bias parameters for   DESCRIPTION         
each satellite and each station in case of GPS and for each DESCRIPTION         
satellite-station link in case of GLONASS. The code bias    DESCRIPTION         
datum is defined by zero-mean conditions imposed on the     DESCRIPTION         
satellite bias estimates. In this file, just GPS C1W-C2W    DESCRIPTION         
satellite and station bias values are included. The         DESCRIPTION         
complete set of GNSS code bias results is provided in an    DESCRIPTION         
additional Bias-SINEX file as pseudo-absolute values        DESCRIPTION         
specific to each observable.                                DESCRIPTION         
Note: These GIM results correspond to the results for the   DESCRIPTION         
middle day of a 3-day combination analysis solving for 73   DESCRIPTION         
times 256, or 18688 VTEC parameters and 3 daily sets of     DESCRIPTION         
GNSS code bias parameters.                                  DESCRIPTION         
Contact address: code(at)aiub.unibe.ch                      DESCRIPTION         
Data archive:    ftp.aiub.unibe.ch/CODE/                    DESCRIPTION         
                 www.aiub.unibe.ch/download/CODE/           DESCRIPTION         
  2017     7    14     0     0     0                        EPOCH OF FIRST MAP  
  2017     7    15     0     0     0                        EPOCH OF LAST MAP   
  3600                                                      INTERVAL            
[...]
godz gol2 gold gope gras graz guam guat guug harb hers hert COMMENT             
hlfx hnlc hnpt hob2 hofn holb holm hrao hyde iddr ieng impz COMMENT             
ineg invk iqal irkj isba joz2 joze karr kat1 kely kerg khar COMMENT             
kir0 kiri kiru kokb kokv kouc koug kour krgg lama laut lhaz COMMENT             
lmmf lpal lpgs m0se mac1 madr mag0 maju mal2 mana mas1 mat1 COMMENT             
mate maui maw1 mbar mcil mcm4 mdo1 mdvj medi mets mgue mizu COMMENT             
mkea mnls mobj mobs monp morp mqzg mro1 nain nano naur nico COMMENT             
nist nium nklg nlib nnor not1 novm nrc1 nrmd ntus nya1 nyal COMMENT             
ohi2 ohi3 onsa opmt ous2 pado palv parc park pdel penc pert COMMENT             
pfa2 pie1 pimo pohn pol2 polv pots pove prds ptag ptbb ptvl COMMENT             
qaq1 quin rabt ramo rbay recf reso reun reyk rgdg rio2 riop COMMENT             
roth salu samo savo sch2 scrz sctb scub seyg sfer shao sofi COMMENT             
spt0 ssia sthl stjo stk2 str2 suth sutm sutv suwn sydn syog COMMENT             
tabl tabv tash tehn thtg thti thu2 thu3 tid1 tidb tixg tixi COMMENT             
tlse tn22 tong tow2 tro1 tsea tskb tuva twtf uclu ufpr ulab COMMENT             
unbj unsa urum urus usn7 usud vaco vald vill voim vtsp wab1 COMMENT             
wab2 wark wgtn whit will wsrt wtza wtzr wtzs wtzz xmis yakt COMMENT             
yar2 yar3 yarr ycba yell ykro yssk zamb zeck zim2 zim3 zimj COMMENT             
zimm                                                        COMMENT             
                                                            END OF HEADER       
[from data line 7293]
    18                                                      START OF TEC MAP    
  2017     7    14    17     0     0                        EPOCH OF CURRENT MAP
    87.5-180.0 180.0   5.0 450.0                            LAT/LON1/LON2/DLON/H
   89   90   90   90   90   91   91   91   92   92   92   93   93   93   93   94
   94   94   94   94   94   94   94   94   94   94   93   93   93   93   92   92
   92   91   91   91   90   90   90   89   89   89   89   89   88   88   88   88
   88   88   88   88   88   88   88   88   88   88   88   88   88   88   88   88
   88   88   88   88   88   89   89   89   89
    85.0-180.0 180.0   5.0 450.0                            LAT/LON1/LON2/DLON/H
   87   87   88   88   89   90   90   91   92   93   93   94   95   95   96   96
   97   97   97   97   97   97   97   97   97   96   96   95   95   94   93   93
   92   91   90   90   89   88   88   87   87   86   86   86   86   86   86   86
   86   86   86   86   86   86   86   86   86   86   85   85   85   85   85   85
   85   85   85   85   85   85   86   86   87
    82.5-180.0 180.0   5.0 450.0                            LAT/LON1/LON2/DLON/H
   83   84   85   86   86   88   89   90   91   92   93   94   95   96   97   98
   98   99   99  100  100  100  100   99   99   98   97   97   96   95   94   93
   91   90   89   88   87   86   85   85   84   84   83   83   83   83   83   84
   84   84   85   85   85   85   85   85   85   85   84   84   83   83   83   82
   82   82   82   82   82   82   82   83   83
    80.0-180.0 180.0   5.0 450.0                            LAT/LON1/LON2/DLON/H
   80   81   82   83   84   85   86   87   89   90   92   93   94   95   96   97
   98   99  100  100  100  100  100  100  100   99   98   97   96   95   94   92
   91   90   88   87   85   84   83   82   81   81   80   80   80   81   81   82
   83   83   84   85   85   85   85   85   85   84   84   83   82   81   80   80
   79   79   79   79   79   79   79   80   80
    77.5-180.0 180.0   5.0 450.0                            LAT/LON1/LON2/DLON/H
   79   79   80   81   82   83   84   85   87   88   89   91   92   93   94   95
   96   97   98   99   99  100  100  100   99   98   98   97   95   94   93   91
   90   89   87   86   84   83   82   80   79   79   78   78   78   79   80   81
   82   83   84   85   85   85   85   85   84   83   82   81   80   79   78   77
   77   77   77   77   77   77   78   78   79
    75.0-180.0 180.0   5.0 450.0                            LAT/LON1/LON2/DLON/H
   79   79   80   80   80   81   82   83   85   86   87   88   89   90   91   92
   93   95   96   97   97   98   98   98   98   97   96   95   94   93   91   90
   89   88   87   85   84   82   81   79   78   77   76   76   77   77   78   79
   81   82   83   84   84   85   84   84   83   81   80   79   77   76   75   75
   75   75   76   76   77   78   78   79   79
    72.5-180.0 180.0   5.0 450.0                            LAT/LON1/LON2/DLON/H
   82   81   81   81   81   81   82   82   83   85   86   86   87   88   88   89
   90   91   93   94   95   96   96   96   95   95   93   92   91   90   89   89
   88   87   86   85   84   82   80   79   77   76   76   75   76   76   77   78
   79   80   81   82   82   82   82   81   79   78   76   75   73   72   72   72
   73   74   76   77   79   80   81   81   82
    70.0-180.0 180.0   5.0 450.0                            LAT/LON1/LON2/DLON/H
   86   85   84   83   82   82   82   83   83   84   85   85   86   86   86   87
   88   89   91   92   93   94   95   94   93   92   91   89   88   88   87   87
   87   87   86   85   84   82   80   79   77   76   76   75   76   76   77   78
   78   79   79   79   79   78   77   76   74   73   71   69   68   68   68   69
   71   73   76   79   81   84   85   86   86
    67.5-180.0 180.0   5.0 450.0                            LAT/LON1/LON2/DLON/H
   90   89   88   86   85   84   84   84   84   85   85   86   86   86   86   86
   87   88   90   91   93   93   93   93   91   90   88   86   86   85   85   86
   86   86   86   85   84   82   80   79   77   77   77   77   77   77   78   78
   78   77   76   75   74   73   71   69   68   66   65   64   63   63   64   65
   68   72   76   80   84   87   89   90   90
    65.0-180.0 180.0   5.0 450.0                            LAT/LON1/LON2/DLON/H
   93   92   91   89   88   86   86   85   86   86   86   86   86   86   86   87
   88   89   91   92   93   93   93   92   90   88   86   84   84   84   85   86
   86   86   86   85   83   82   80   79   78   78   79   80   80   80   80   79
   78   76   74   71   69   66   64   62   61   60   59   58   58   58   59   61
   65   69   74   79   84   88   91   93   93
    62.5-180.0 180.0   5.0 450.0                            LAT/LON1/LON2/DLON/H
   94   94   93   92   90   89   88   87   87   88   88   88   87   87   88   89
   90   91   93   94   94   94   93   91   89   87   85   84   84   84   85   86
   87   87   86   85   83   81   80   80   80   81   83   84   85   85   84   82
   79   76   72   68   64   61   58   56   55   54   54   54   54   54   55   57
   60   65   70   76   81   86   90   92   94
    60.0-180.0 180.0   5.0 450.0                            LAT/LON1/LON2/DLON/H
   92   94   94   94   93   91   90   90   89   89   89   89   89   89   90   91
   93   94   95   96   95   94   92   90   88   86   85   84   85   86   88   89
   89   89   87   85   83   81   81   81   83   85   88   90   91   91   89   86
   82   77   71   66   60   56   53   51   50   51   51   51   51   51   52   53
   56   60   65   70   76   81   85   89   92
    57.5-180.0 180.0   5.0 450.0                            LAT/LON1/LON2/DLON/H
   87   91   94   95   95   95   94   93   92   91   91   90   90   90   92   94
   96   97   98   97   95   93   91   89   87   86   86   87   88   90   91   92
   92   91   88   86   83   82   83   84   87   91   95   97   98   97   95   91
   85   79   72   65   58   53   49   48   48   49   50   51   51   50   49   50
   51   54   58   63   68   73   78   83   87
    55.0-180.0 180.0   5.0 450.0                            LAT/LON1/LON2/DLON/H
   82   87   92   96   98   98   98   97   96   95   93   92   91   92   94   96
   99  100  100   98   94   91   89   87   87   87   89   90   92   94   95   96
   95   93   90   87   85   85   86   89   93   98  102  105  106  105  101   96
   89   82   74   66   58   52   48   47   48   50   52   53   52   50   48   47
   48   50   53   57   61   65   70   75   82
    52.5-180.0 180.0   5.0 450.0                            LAT/LON1/LON2/DLON/H
   76   84   91   97  101  103  104  103  102  100   98   95   94   94   96   99
  102  103  101   98   93   89   87   86   88   90   92   94   96   98   99   99
   97   95   92   89   88   89   92   96  101  106  111  113  114  111  107  101
   94   86   78   69   60   54   49   48   49   52   55   56   54   52   49   47
   47   48   50   53   56   59   63   68   76
    50.0-180.0 180.0   5.0 450.0                            LAT/LON1/LON2/DLON/H
   71   80   90   98  104  108  110  111  110  108  105  102  100   99  100  102
  105  105  102   97   92   88   86   87   90   93   96   98   99  101  101  101
   99   96   94   92   93   95  100  105  110  116  120  122  121  118  113  106
   99   91   82   73   65   57   53   51   53   56   59   59   58   55   51   49
   49   50   52   53   54   56   58   63   71
    47.5-180.0 180.0   5.0 450.0                            LAT/LON1/LON2/DLON/H
   68   78   89   99  107  113  117  119  120  119  116  112  108  106  106  107
  108  107  104   98   92   88   87   90   94   98  100  102  102  103  103  102
  100   98   97   97  100  104  109  115  121  126  129  130  129  125  119  111
  104   96   88   79   70   63   58   56   58   61   63   63   61   58   55   53
   53   55   57   58   57   57   58   61   68
    45.0-180.0 180.0   5.0 450.0                            LAT/LON1/LON2/DLON/H
   67   76   87   98  108  116  123  128  131  131  128  124  119  115  113  113
  112  110  106  100   94   91   92   95  100  104  106  105  105  104  104  104
  103  102  102  104  109  114  121  126  132  136  138  139  137  132  125  117
  110  103   95   86   78   70   64   62   63   65   67   67   65   62   59   58
   60   63   65   66   64   62   60   62   67
    42.5-180.0 180.0   5.0 450.0                            LAT/LON1/LON2/DLON/H
   67   74   84   95  107  117  126  134  140  143  142  138  132  127  123  120
  118  115  110  104   99   97   99  103  108  111  111  110  108  107  107  108
  109  109  111  114  120  127  133  138  143  146  148  148  145  140  132  124
  117  109  102   94   85   78   72   69   69   70   70   70   68   66   64   65
   68   72   75   75   73   69   65   63   67
    40.0-180.0 180.0   5.0 450.0                            LAT/LON1/LON2/DLON/H
   66   71   80   90  102  114  126  137  147  153  154  151  146  139  133  128
  124  119  114  109  106  105  108  113  117  119  117  114  112  112  114  117
  119  121  124  128  134  141  147  151  153  156  157  157  154  148  140  132
  123  116  109  101   93   86   80   76   74   73   73   72   71   69   69   71
   75   80   83   84   81   75   69   66   66
    37.5-180.0 180.0   5.0 450.0                            LAT/LON1/LON2/DLON/H
   65   67   74   84   95  108  122  136  149  158  163  162  157  150  142  135
  129  124  119  115  113  114  118  122  126  126  124  121  119  121  126  131
  135  138  141  145  151  156  160  162  164  165  166  166  163  157  148  138
  130  122  115  107   99   92   86   82   79   76   75   73   73   73   74   77
   81   85   88   88   85   79   72   66   65
    35.0-180.0 180.0   5.0 450.0                            LAT/LON1/LON2/DLON/H
   62   63   68   76   87  100  115  131  147  159  166  167  164  157  150  142
  135  129  124  121  121  123  127  131  133  133  131  129  130  135  142  150
  156  160  162  165  168  171  173  173  173  174  175  175  171  164  154  144
  134  126  118  111  103   97   92   87   82   78   75   74   74   75   77   80
   83   86   88   88   84   78   71   65   62
    32.5-180.0 180.0   5.0 450.0                            LAT/LON1/LON2/DLON/H
   58   58   62   69   79   92  107  124  141  154  163  167  166  161  154  146
  139  132  128  126  127  130  134  137  140  140  139  140  144  153  164  174
  181  185  185  186  186  186  185  183  181  181  182  181  177  169  158  146
  136  127  119  111  104   99   94   89   84   78   74   73   74   76   79   81
   83   83   84   82   79   73   67   61   58
    30.0-180.0 180.0   5.0 450.0                            LAT/LON1/LON2/DLON/H
   54   55   58   65   74   86  101  117  133  146  156  162  163  161  156  149
  141  135  131  130  131  134  138  142  144  145  147  151  160  173  187  199
  207  209  208  206  203  199  195  190  187  187  187  186  180  170  157  145
  134  124  116  108  101   97   93   89   83   77   72   71   73   76   78   79
   79   77   75   73   70   66   61   57   54
    27.5-180.0 180.0   5.0 450.0                            LAT/LON1/LON2/DLON/H
   51   53   57   64   73   84   97  111  125  138  147  154  158  159  156  150
  143  137  133  132  134  137  141  145  148  151  155  164  177  193  209  223
  230  231  228  222  216  209  203  196  192  190  190  187  179  167  153  139
  128  119  110  102   95   92   89   86   80   74   69   68   71   74   76   75
   73   69   66   63   60   58   55   52   51
    25.0-180.0 180.0   5.0 450.0                            LAT/LON1/LON2/DLON/H
   49   53   59   67   76   86   98  110  121  131  139  146  151  154  154  151
  145  138  134  134  136  139  144  147  151  156  164  176  192  210  228  241
  247  247  242  234  226  217  208  200  195  192  190  185  175  160  145  131
  120  111  102   93   87   84   82   80   75   69   65   64   67   70   71   69
   65   61   57   54   52   51   49   48   49
    22.5-180.0 180.0   5.0 450.0                            LAT/LON1/LON2/DLON/H
   49   54   62   71   81   91  102  112  120  127  133  139  145  151  153  151
  146  140  136  135  137  142  147  151  156  162  172  186  204  223  240  252
  257  256  250  241  231  221  211  202  196  192  188  181  168  152  135  121
  111  102   93   84   77   74   73   72   69   64   60   60   62   65   65   62
   58   54   51   49   47   47   46   47   49
    20.0-180.0 180.0   5.0 450.0                            LAT/LON1/LON2/DLON/H
   50   56   65   76   87   98  108  117  123  128  131  136  142  148  152  152
  148  143  138  137  140  146  152  157  163  170  180  194  212  229  245  256
  260  258  252  242  232  222  211  203  196  191  185  176  161  143  125  111
  102   94   85   75   67   64   64   64   62   58   55   55   57   58   58   55
   53   50   48   47   46   46   46   47   50
    17.5-180.0 180.0   5.0 450.0                            LAT/LON1/LON2/DLON/H
   50   56   66   78   91  103  114  123  128  130  132  135  141  147  151  152
  150  145  141  141  144  151  159  166  172  178  188  200  216  231  245  254
  257  254  248  239  230  220  210  201  194  188  181  170  154  135  117  104
   95   88   79   68   59   55   56   57   56   53   51   51   52   52   51   49
   48   48   49   49   49   48   47   47   50
    15.0-180.0 180.0   5.0 450.0                            LAT/LON1/LON2/DLON/H
   49   54   64   76   90  105  117  127  132  134  135  137  141  146  150  152
  151  148  145  145  150  158  167  176  182  188  195  205  217  230  241  248
  250  247  241  234  225  216  207  199  192  185  177  166  149  130  112   99
   90   84   75   64   54   49   49   51   51   49   48   47   47   46   45   44
   45   48   51   52   52   50   48   47   49
    12.5-180.0 180.0   5.0 450.0                            LAT/LON1/LON2/DLON/H
   45   49   58   70   85  101  116  127  133  136  137  138  141  145  149  151
  151  150  148  150  156  165  177  186  192  196  201  208  218  228  237  242
  243  239  233  226  219  211  203  196  188  182  174  162  146  127  109   96
   88   81   72   61   51   46   46   48   49   47   46   45   44   42   41   41
   44   49   53   55   55   52   49   46   45
    10.0-180.0 180.0   5.0 450.0                            LAT/LON1/LON2/DLON/H
   41   43   50   61   76   93  110  123  131  135  137  139  141  143  146  149
  150  151  152  154  161  172  185  196  202  204  207  211  219  228  235  238
  236  231  225  218  211  204  198  191  184  177  170  159  144  126  108   95
   87   80   71   60   50   45   45   47   48   47   45   43   42   40   39   40
   43   49   54   57   56   52   47   43   41
     7.5-180.0 180.0   5.0 450.0                            LAT/LON1/LON2/DLON/H
   36   36   40   51   65   83  101  115  126  132  135  138  139  141  143  146
  149  152  154  158  166  178  191  203  209  211  212  216  222  229  235  236
  232  225  216  208  202  196  190  184  177  171  164  155  142  125  108   94
   85   78   70   60   51   46   46   48   48   47   44   43   41   40   39   40
   43   48   53   55   54   50   45   39   36
     5.0-180.0 180.0   5.0 450.0                            LAT/LON1/LON2/DLON/H
   32   30   33   41   55   73   91  107  119  127  132  135  137  138  139  143
  148  153  157  161  169  181  195  207  214  217  218  221  227  234  237  235
  228  218  207  198  192  186  181  175  169  163  157  149  137  122  105   91
   82   74   67   59   51   48   48   50   50   47   44   43   42   41   41   41
   44   47   50   51   50   46   42   36   32
     2.5-180.0 180.0   5.0 450.0                            LAT/LON1/LON2/DLON/H
   30   28   29   36   49   66   84  100  113  123  129  134  136  136  138  142
  148  155  160  164  171  183  197  209  217  221  223  227  233  239  240  235
  224  210  197  187  179  174  169  164  159  154  148  141  130  115  100   86
   76   69   63   57   51   49   50   52   51   48   44   43   43   44   44   44
   44   45   46   46   45   43   39   35   30
