proc_codg/CODG1950.17I
     1.0            IONOSPHERE MAPS     GNSS                IONEX VERSION / TYPE
ADDNEQ2 V5.3        AIUB                18-JUL-17 20:21     PGM / RUN BY / DATE 
CODE'S GLOBAL IONOSPHERE MAPS FOR DAY 195, 2017             COMMENT             
Global ionosphere maps (GIM) are generated on a daily basis DESCRIPTION         
at CODE using data from about 300 GNSS sites of the IGS and DESCRIPTION         
other institutions. The vertical total electron content     DESCRIPTION         
(VTEC) is modeled in a solar-geomagnetic reference frame    DESCRIPTION         
using a spherical harmonics expansion up to degree and      DESCRIPTION         
order 15. Piece-wise linear functions are used for          DESCRIPTION         
representation in the time domain. The time spacing of      DESCRIPTION         
their vertices is 1 hour, conforming with the epochs of the DESCRIPTION         
VTEC maps.                                                  DESCRIPTION         
To convert line-of-sight TEC into vertical TEC, a modified  DESCRIPTION         
single-layer model mapping function approximating the JPL   DESCRIPTION         
extended slab model mapping function is adopted. The        DESCRIPTION         
mapping function is evaluated at geodetic satellite         DESCRIPTION         
elevation angles. For the computation of the ionospheric    DESCRIPTION         
pierce points, a spherical layer with a radius of 6821 km   DESCRIPTION         
is assumed, implying geocentric, not geodetic IONEX         DESCRIPTION         
latitudes.                                                  DESCRIPTION         
Instrumental biases with respect to each involved GNSS code DESCRIPTION         
observable are estimated as constant values for each        DESCRIPTION         
day. They are modeled with one set of bias parameters for   DESCRIPTION         
each satellite and each station in case of GPS and for each DESCRIPTION         
satellite-station link in case of GLONASS. The code bias    DESCRIPTION         
datum is defined by zero-mean conditions imposed on the     DESCRIPTION         
satellite bias estimates. In this file, just GPS C1W-C2W    DESCRIPTION         
satellite and station bias values are included. The         DESCRIPTION         
complete set of GNSS code bias results is provided in an    DESCRIPTION         
additional Bias-SINEX file as pseudo-absolute values        DESCRIPTION         
specific to each observable.                                DESCRIPTION         
Note: These GIM results correspond to the results for the   DESCRIPTION         
middle day of a 3-day combination analysis solving for 73   DESCRIPTION         
times 256, or 18688 VTEC parameters and 3 daily sets of     DESCRIPTION         
GNSS code bias parameters.                                  DESCRIPTION         
Contact address: code(at)aiub.unibe.ch                      DESCRIPTION         
Data archive:    ftp.aiub.unibe.ch/CODE/                    DESCRIPTION         
                 www.aiub.unibe.ch/download/CODE/           DESCRIPTION         
  2017     7    14     0     0     0                        EPOCH OF FIRST MAP  
  2017     7    15     0     0     0                        EPOCH OF LAST MAP   
  3600                                                      INTERVAL            
[...]
godz gol2 gold gope gras graz guam guat guug harb hers hert COMMENT             
hlfx hnlc hnpt hob2 hofn holb holm hrao hyde iddr ieng impz COMMENT             
ineg invk iqal irkj isba joz2 joze karr kat1 kely kerg khar COMMENT             
kir0 kiri kiru kokb kokv kouc koug kour krgg lama laut lhaz COMMENT             
lmmf lpal lpgs m0se mac1 madr mag0 maju mal2 mana mas1 mat1 COMMENT             
mate maui maw1 mbar mcil mcm4 mdo1 mdvj medi mets mgue mizu COMMENT             
mkea mnls mobj mobs monp morp mqzg mro1 nain nano naur nico COMMENT             
nist nium nklg nlib nnor not1 novm nrc1 nrmd ntus nya1 nyal COMMENT             
ohi2 ohi3 onsa opmt ous2 pado palv parc park pdel penc pert COMMENT             
pfa2 pie1 pimo pohn pol2 polv pots pove prds ptag ptbb ptvl COMMENT             
qaq1 quin rabt ramo rbay recf reso reun reyk rgdg rio2 riop COMMENT             
roth salu samo savo sch2 scrz sctb scub seyg sfer shao sofi COMMENT             
spt0 ssia sthl stjo stk2 str2 suth sutm sutv suwn sydn syog COMMENT             
tabl tabv tash tehn thtg thti thu2 thu3 tid1 tidb tixg tixi COMMENT             
tlse tn22 tong tow2 tro1 tsea tskb tuva twtf uclu ufpr ulab COMMENT             
unbj unsa urum urus usn7 usud vaco vald vill voim vtsp wab1 COMMENT             
wab2 wark wgtn whit will wsrt wtza wtzr wtzs wtzz xmis yakt COMMENT             
yar2 yar3 yarr ycba yell ykro yssk zamb zeck zim2 zim3 zimj COMMENT             
zimm                                                        COMMENT             
                                                            END OF HEADER       
[from data line 9009]
    22                                                      START OF TEC MAP    
  2017     7    14    21     0     0                        EPOCH OF CURRENT MAP
    87.5-180.0 180.0   5.0 450.0                            LAT/LON1/LON2/DLON/H
   80   80   80   80   80   80   80   80   80   80   80   80   80   79   79   79
   78   78   78   77   77   76   76   76   75   75   74   74   74   73   73   73
   73   72   72   72   72   72   72   72   72   72   73   73   73   73   74   74
   74   75   75   75   76   76   76   77   77   77   77   78   78   78   78   79
   79   79   79   79   80   80   80   80   80
    85.0-180.0 180.0   5.0 450.0                            LAT/LON1/LON2/DLON/H
   84   84   85   85   85   85   86   86   86   85   85   85   85   84   84   83
   83   82   81   81   80   79   78   77   77   76   75   74   73   73   72   72
   71   71   70   70   70   70   70   70   71   71   71   72   72   73   74   74
   75   76   77   77   78   78   79   79   80   80   80   81   81   81   81   81
   82   82   82   82   83   83   83   84   84
    82.5-180.0 180.0   5.0 450.0                            LAT/LON1/LON2/DLON/H
   86   87   88   89   89   90   90   90   91   91   91   90   90   90   89   88
   88   87   86   85   84   83   82   81   80   79   78   77   76   75   74   73
   72   71   71   70   70   70   70   70   71   71   72   73   73   74   76   77
   78   79   80   81   82   82   83   83   84   84   84   84   84   83   83   83
   83   83   83   84   84   84   85   86   86
    80.0-180.0 180.0   5.0 450.0                            LAT/LON1/LON2/DLON/H
   87   88   89   91   92   93   94   94   94   95   95   94   94   94   93   93
   93   92   91   91   90   89   88   87   85   84   83   81   80   78   77   76
   75   74   73   73   72   72   72   72   72   73   73   74   75   76   78   79
   81   82   84   85   86   87   87   87   87   87   87   86   86   85   84   84
   83   83   83   83   83   84   85   86   87
    77.5-180.0 180.0   5.0 450.0                            LAT/LON1/LON2/DLON/H
   86   88   90   91   93   94   95   96   96   97   97   97   97   96   96   96
   96   96   96   96   96   95   94   93   92   90   88   86   85   83   82   80
   79   78   77   76   76   75   74   74   74   74   74   75   76   77   79   80
   82   84   86   87   88   89   90   90   90   89   89   88   87   85   84   83
   82   81   81   81   81   82   83   85   86
    75.0-180.0 180.0   5.0 450.0                            LAT/LON1/LON2/DLON/H
   85   86   88   90   92   94   95   96   96   97   97   97   97   97   97   97
   98   99  100  100  101  101  100   99   97   96   94   92   90   88   86   85
   84   83   81   80   79   78   77   76   75   74   74   74   75   76   77   79
   81   83   85   87   88   89   90   90   90   89   89   88   86   85   83   82
   81   80   79   79   79   80   81   83   85
    72.5-180.0 180.0   5.0 450.0                            LAT/LON1/LON2/DLON/H
   83   85   87   89   91   92   94   94   95   95   95   95   95   96   96   97
   98  100  102  103  104  105  105  104  102  100   98   95   93   91   90   89
   87   86   85   84   82   80   78   76   74   73   72   71   71   72   73   75
   77   79   81   83   84   85   86   87   87   87   86   86   85   84   82   81
   80   79   78   78   78   79   80   81   83
    70.0-180.0 180.0   5.0 450.0                            LAT/LON1/LON2/DLON/H
   83   85   87   88   89   91   91   92   93   93   93   93   93   94   95   96
   98  100  102  105  106  107  107  107  105  103  100   98   96   94   92   91
   90   89   87   85   83   80   78   75   72   70   68   67   66   66   67   68
   70   72   73   75   77   78   79   80   80   81   82   82   83   83   82   81
   80   79   79   78   78   79   80   82   83
    67.5-180.0 180.0   5.0 450.0                            LAT/LON1/LON2/DLON/H
   86   87   88   88   89   89   89   90   90   90   91   91   91   92   93   94
   96   99  102  104  106  108  108  107  105  103  101   99   97   95   94   93
   92   91   88   86   82   79   75   72   69   66   64   62   60   60   60   60
   61   62   64   65   66   67   68   70   72   74   76   78   80   82   82   82
   82   81   80   80   81   82   83   84   86
    65.0-180.0 180.0   5.0 450.0                            LAT/LON1/LON2/DLON/H
   90   91   91   90   90   89   88   88   88   88   89   89   89   90   91   93
   95   97  100  102  104  106  106  105  104  102  100   99   98   97   96   95
   94   92   89   85   81   77   72   69   65   62   60   57   55   54   53   53
   53   53   53   54   54   55   57   59   61   65   69   74   78   81   83   84
   84   84   83   83   84   85   87   89   90
    62.5-180.0 180.0   5.0 450.0                            LAT/LON1/LON2/DLON/H
   96   97   96   94   92   90   89   88   87   87   88   88   89   89   90   91
   93   95   97   99  101  102  102  102  101  100  100   99   99   99   99   98
   96   93   89   84   79   74   70   66   63   60   57   55   53   51   49   47
   46   45   45   44   44   44   45   48   51   56   63   69   75   80   84   85
   86   86   86   86   87   90   92   95   96
    60.0-180.0 180.0   5.0 450.0                            LAT/LON1/LON2/DLON/H
  103  104  103  100   97   94   91   89   88   87   87   88   89   89   90   91
   92   93   94   95   96   97   98   98   99   99   99  100  101  102  103  102
  100   96   90   84   78   73   68   65   62   60   58   56   54   51   48   45
   43   41   39   37   36   36   36   39   43   49   57   65   73   79   84   86
   87   87   87   88   90   93   97  101  103
    57.5-180.0 180.0   5.0 450.0                            LAT/LON1/LON2/DLON/H
  110  111  110  107  103   99   95   92   90   89   88   88   89   90   91   91
   91   91   91   92   92   93   94   95   96   98  100  102  104  106  107  106
  103   98   92   85   79   73   69   66   65   63   62   60   57   54   51   47
   43   40   37   35   32   31   31   33   37   44   52   61   70   77   83   85
   87   87   87   88   91   96  101  106  110
    55.0-180.0 180.0   5.0 450.0                            LAT/LON1/LON2/DLON/H
  115  118  118  115  111  107  102   98   94   91   90   89   90   90   91   91
   91   91   90   89   90   90   92   93   96   99  102  105  108  110  111  110
  107  101   95   88   81   76   73   71   70   69   68   66   64   60   56   52
   47   43   40   36   33   31   30   31   34   41   49   58   67   75   81   84
   85   86   86   88   92   97  104  110  115
    52.5-180.0 180.0   5.0 450.0                            LAT/LON1/LON2/DLON/H
  120  124  125  123  119  115  110  105  100   96   93   91   91   91   92   92
   92   91   90   90   89   90   92   94   97  101  104  107  110  112  113  112
  109  104   98   92   86   82   79   77   77   76   75   74   71   68   63   59
   54   50   45   41   37   34   32   32   35   40   47   55   64   72   78   82
   84   85   86   88   92   98  106  114  120
    50.0-180.0 180.0   5.0 450.0                            LAT/LON1/LON2/DLON/H
  123  128  130  129  127  124  120  114  109  103   98   94   92   92   93   93
   94   93   93   92   92   93   95   97  100  104  106  109  111  113  113  113
  110  107  102   97   92   89   87   85   84   84   83   82   79   76   72   67
   62   58   53   49   44   41   38   37   37   41   46   53   61   69   75   80
   83   85   87   89   94  100  108  116  123
    47.5-180.0 180.0   5.0 450.0                            LAT/LON1/LON2/DLON/H
  125  130  133  134  133  132  129  124  118  111  104   98   95   94   94   95
   96   97   97   97   97   98  100  102  105  107  109  110  111  111  112  112
  111  108  105  102   99   97   95   93   92   91   90   89   86   83   80   75
   71   66   61   57   52   48   45   42   41   43   46   51   58   66   73   79
   84   87   90   93   97  103  110  118  125
    45.0-180.0 180.0   5.0 450.0                            LAT/LON1/LON2/DLON/H
  127  132  135  136  137  138  137  134  128  120  112  104  100   97   97   98
  100  101  103  104  104  105  107  109  111  112  112  111  110  110  110  111
  111  110  109  108  106  104  103  101   99   98   96   95   93   91   87   84
   79   74   69   64   60   55   51   48   46   45   47   50   56   63   71   79
   86   92   96  100  103  108  114  120  127
    42.5-180.0 180.0   5.0 450.0                            LAT/LON1/LON2/DLON/H
  128  132  134  136  138  141  142  142  137  130  120  112  106  103  102  102
  104  106  108  110  111  112  113  115  117  117  115  113  110  109  110  111
  113  113  113  113  112  111  109  107  105  103  103  102  100   98   95   91
   86   80   75   70   65   61   57   53   50   48   48   50   55   63   72   81
   90   98  103  107  110  113  118  123  128
    40.0-180.0 180.0   5.0 450.0                            LAT/LON1/LON2/DLON/H
  129  132  133  134  137  141  145  147  144  138  129  121  114  110  108  107
  109  111  114  116  117  118  120  122  123  123  121  118  114  112  113  115
  117  118  118  118  117  115  113  111  110  109  109  108  107  105  101   97
   91   84   78   73   68   64   60   57   53   50   49   51   56   63   73   84
   94  103  110  114  117  119  122  125  129
    37.5-180.0 180.0   5.0 450.0                            LAT/LON1/LON2/DLON/H
  130  131  132  132  134  138  144  149  149  145  138  130  124  119  116  115
  114  116  118  120  121  122  124  127  130  131  130  126  122  121  121  123
  124  125  123  121  119  117  115  113  113  114  115  116  114  111  107  101
   94   86   79   73   69   65   62   59   55   52   51   53   58   65   75   86
   98  108  115  120  122  123  125  128  130
    35.0-180.0 180.0   5.0 450.0                            LAT/LON1/LON2/DLON/H
  131  132  131  130  131  135  141  148  151  149  145  140  135  131  127  124
  121  121  121  122  123  124  128  133  138  142  142  139  135  133  134  135
  135  132  128  124  120  116  114  114  115  118  121  122  121  116  110  103
   94   85   77   71   67   64   62   59   56   54   53   55   60   68   77   88
   99  109  117  122  124  125  127  129  131
    32.5-180.0 180.0   5.0 450.0                            LAT/LON1/LON2/DLON/H
  132  133  132  129  128  131  137  145  150  151  151  149  146  144  140  135
  130  127  125  124  124  126  131  139  148  154  156  155  152  149  149  148
  146  140  132  124  118  113  111  112  116  121  126  127  124  118  110  101
   91   81   73   67   64   62   60   58   56   55   55   58   63   70   79   89
   99  108  115  120  123  125  127  130  132
    30.0-180.0 180.0   5.0 450.0                            LAT/LON1/LON2/DLON/H
  134  136  135  131  128  129  134  141  148  152  155  156  158  157  154  148
  142  136  131  128  127  130  137  147  159  168  173  172  169  166  163  161
  155  146  134  123  113  107  106  108  114  122  127  128  123  115  105   95
   85   75   67   62   59   58   58   56   55   55   56   59   64   71   79   88
   97  105  112  117  120  123  126  130  134
    27.5-180.0 180.0   5.0 450.0                            LAT/LON1/LON2/DLON/H
  135  139  139  135  131  130  132  139  146  152  157  163  169  171  170  164
  156  147  140  135  133  136  145  158  172  183  188  188  184  179  174  169
  160  147  133  118  107  100   99  102  109  118  123  122  116  106   96   85
   76   67   60   56   55   54   54   54   53   53   55   59   64   71   78   87
   95  102  108  114  118  121  125  130  135
    25.0-180.0 180.0   5.0 450.0                            LAT/LON1/LON2/DLON/H
  137  143  144  141  136  133  133  138  144  151  160  169  178  185  186  181
  173  163  154  147  145  148  157  171  186  197  202  200  194  186  179  171
  160  145  128  112  100   92   91   94  101  109  113  111  103   92   81   72
   64   57   52   50   50   50   50   50   50   50   53   56   62   68   76   84
   92  100  106  112  116  120  125  131  137
    22.5-180.0 180.0   5.0 450.0                            LAT/LON1/LON2/DLON/H
  140  147  150  148  143  138  136  139  144  152  162  174  187  197  201  199
  191  181  171  164  161  164  173  186  199  208  211  206  197  187  177  166
  153  137  120  104   92   84   82   85   91   97   99   95   85   74   64   57
   52   48   45   44   45   46   46   46   45   46   49   52   57   64   72   82
   91   99  107  113  118  122  127  133  140
    20.0-180.0 180.0   5.0 450.0                            LAT/LON1/LON2/DLON/H
  144  151  155  154  149  144  141  142  146  154  164  178  193  207  215  215
  210  201  192  185  182  185  192  202  211  216  214  206  193  180  168  156
  143  127  111   95   84   77   74   76   79   83   82   75   65   55   47   43
   41   39   38   39   40   42   41   41   40   41   43   46   50   57   67   79
   90  101  110  117  123  127  131  137  144
    17.5-180.0 180.0   5.0 450.0                            LAT/LON1/LON2/DLON/H
  149  155  160  159  155  150  147  147  150  157  167  181  198  213  224  229
  227  221  213  207  204  206  211  217  221  220  213  201  185  169  155  142
  130  116  101   88   78   72   68   68   69   68   65   57   46   38   33   32
   32   32   33   34   36   37   36   36   35   36   37   39   42   50   61   76
   90  104  115  124  130  134  138  142  149
    15.0-180.0 180.0   5.0 450.0                            LAT/LON1/LON2/DLON/H
  154  159  163  163  160  156  153  153  156  161  170  183  200  216  230  238
  240  237  232  227  225  225  228  229  227  220  208  191  173  155  141  129
  118  106   94   83   74   68   65   62   60   57   51   42   33   26   24   25
   27   28   29   31   32   33   32   31   30   31   31   32   35   42   55   72
   90  106  120  130  138  142  146  149  154
    12.5-180.0 180.0   5.0 450.0                            LAT/LON1/LON2/DLON/H
  160  163  165  165  163  161  159  160  162  167  174  185  199  216  230  241
  247  248  246  242  240  240  239  236  229  216  200  181  161  143  129  119
  109   99   89   79   72   67   63   60   56   51   43   34   26   22   22   24
   26   26   27   28   29   29   27   27   27   27   27   27   29   36   50   68
   89  107  123  135  143  149  153  156  160
    10.0-180.0 180.0   5.0 450.0                            LAT/LON1/LON2/DLON/H
  165  167  167  167  166  166  166  168  171  174  178  186  198  212  226  238
  247  252  252  250  249  247  244  238  227  211  192  171  151  134  122  113
  105   96   86   78   72   68   64   60   56   50   42   34   28   25   26   28
   28   27   26   26   27   26   24   24   24   25   24   24   25   32   45   64
   85  105  122  135  146  154  159  163  165
     7.5-180.0 180.0   5.0 450.0                            LAT/LON1/LON2/DLON/H
  170  170  169  169  169  171  174  178  180  182  184  189  197  207  220  232
  242  249  251  251  249  247  243  235  222  204  184  163  144  128  118  110
  103   95   86   78   73   69   66   63   59   53   46   40   35   33   34   34
   33   30   27   26   26   24   23   22   23   24   24   23   24   30   42   60
   81  101  118  132  144  154  163  168  170
     5.0-180.0 180.0   5.0 450.0                            LAT/LON1/LON2/DLON/H
  174  174  172  172  174  178  184  189  191  192  191  192  196  203  212  223
  234  241  244  244  243  241  237  230  216  198  177  156  138  125  117  110
  104   95   86   78   73   70   68   66   63   59   54   48   45   43   43   42
   38   33   29   27   26   25   23   23   23   24   24   24   25   31   41   57
   76   95  112  126  139  152  163  171  174
     2.5-180.0 180.0   5.0 450.0                            LAT/LON1/LON2/DLON/H
  176  176  174  175  179  186  193  200  203  202  199  197  197  200  206  215
  224  231  234  234  232  231  229  222  210  192  171  151  134  123  116  110
  104   95   85   77   72   70   69   68   66   64   61   57   54   52   51   48
   42   36   31   29   28   27   25   25   25   26   26   27   28   33   42   55
   72   89  104  118  132  146  160  171  176
