proc_codg/CODG1950.17I
     1.0            IONOSPHERE MAPS     GNSS                IONEX VERSION / TYPE
ADDNEQ2 V5.3        AIUB                18-JUL-17 20:21     PGM / RUN BY / DATE 
CODE'S GLOBAL IONOSPHERE MAPS FOR DAY 195, 2017             COMMENT             
Global ionosphere maps (GIM) are generated on a daily basis DESCRIPTION         
at CODE using data from about 300 GNSS sites of the IGS and DESCRIPTION         
other institutions. The vertical total electron content     DESCRIPTION         
(VTEC) is modeled in a solar-geomagnetic reference frame    DESCRIPTION         
using a spherical harmonics expansion up to degree and      DESCRIPTION         
order 15. Piece-wise linear functions are used for          DESCRIPTION         
representation in the time domain. The time spacing of      DESCRIPTION         
their vertices is 1 hour, conforming with the epochs of the DESCRIPTION         
VTEC maps.                                                  DESCRIPTION         
To convert line-of-sight TEC into vertical TEC, a modified  DESCRIPTION         
single-layer model mapping function approximating the JPL   DESCRIPTION         
extended slab model mapping function is adopted. The        DESCRIPTION         
mapping function is evaluated at geodetic satellite         DESCRIPTION         
elevation angles. For the computation of the ionospheric    DESCRIPTION         
pierce points, a spherical layer with a radius of 6821 km   DESCRIPTION         
is assumed, implying geocentric, not geodetic IONEX         DESCRIPTION         
latitudes.                                                  DESCRIPTION         
Instrumental biases with respect to each involved GNSS code DESCRIPTION         
observable are estimated as constant values for each        DESCRIPTION         
day. They are modeled with one set of bias parameters for   DESCRIPTION         
each satellite and each station in case of GPS and for each DESCRIPTION         
satellite-station link in case of GLONASS. The code bias    DESCRIPTION         
datum is defined by zero-mean conditions imposed on the     DESCRIPTION         
satellite bias estimates. In this file, just GPS C1W-C2W    DESCRIPTION         
satellite and station bias values are included. The         DESCRIPTION         
complete set of GNSS code bias results is provided in an    DESCRIPTION         
additional Bias-SINEX file as pseudo-absolute values        DESCRIPTION         
specific to each observable.                                DESCRIPTION         
Note: These GIM results correspond to the results for the   DESCRIPTION         
middle day of a 3-day combination analysis solving for 73   DESCRIPTION         
times 256, or 18688 VTEC parameters and 3 daily sets of     DESCRIPTION         
GNSS code bias parameters.                                  DESCRIPTION         
Contact address: code(at)aiub.unibe.ch                      DESCRIPTION         
Data archive:    ftp.aiub.unibe.ch/CODE/                    DESCRIPTION         
                 www.aiub.unibe.ch/download/CODE/           DESCRIPTION         
  2017     7    14     0     0     0                        EPOCH OF FIRST MAP  
  2017     7    15     0     0     0                        EPOCH OF LAST MAP   
  3600                                                      INTERVAL            
[...]
godz gol2 gold gope gras graz guam guat guug harb hers hert COMMENT             
hlfx hnlc hnpt hob2 hofn holb holm hrao hyde iddr ieng impz COMMENT             
ineg invk iqal irkj isba joz2 joze karr kat1 kely kerg khar COMMENT             
kir0 kiri kiru kokb kokv kouc koug kour krgg lama laut lhaz COMMENT             
lmmf lpal lpgs m0se mac1 madr mag0 maju mal2 mana mas1 mat1 COMMENT             
mate maui maw1 mbar mcil mcm4 mdo1 mdvj medi mets mgue mizu COMMENT             
mkea mnls mobj mobs monp morp mqzg mro1 nain nano naur nico COMMENT             
nist nium nklg nlib nnor not1 novm nrc1 nrmd ntus nya1 nyal COMMENT             
ohi2 ohi3 onsa opmt ous2 pado palv parc park pdel penc pert COMMENT             
pfa2 pie1 pimo pohn pol2 polv pots pove prds ptag ptbb ptvl COMMENT             
qaq1 quin rabt ramo rbay recf reso reun reyk rgdg rio2 riop COMMENT             
roth salu samo savo sch2 scrz sctb scub seyg sfer shao sofi COMMENT             
spt0 ssia sthl stjo stk2 str2 suth sutm sutv suwn sydn syog COMMENT             
tabl tabv tash tehn thtg thti thu2 thu3 tid1 tidb tixg tixi COMMENT             
tlse tn22 tong tow2 tro1 tsea tskb tuva twtf uclu ufpr ulab COMMENT             
unbj unsa urum urus usn7 usud vaco vald vill voim vtsp wab1 COMMENT             
wab2 wark wgtn whit will wsrt wtza wtzr wtzs wtzz xmis yakt COMMENT             
yar2 yar3 yarr ycba yell ykro yssk zamb zeck zim2 zim3 zimj COMMENT             
zimm                                                        COMMENT             
                                                            END OF HEADER       
[from data line 8151]
    20                                                      START OF TEC MAP    
  2017     7    14    19     0     0                        EPOCH OF CURRENT MAP
    87.5-180.0 180.0   5.0 450.0                            LAT/LON1/LON2/DLON/H
   79   79   79   79   79   79   79   79   79   80   80   80   80   80   80   80
   80   80   80   80   80   80   80   80   80   80   80   79   79   79   79   79
   79   79   78   78   78   78   78   78   78   78   78   78   78   78   78   78
   78   78   79   79   79   79   79   79   79   79   79   79   79   79   79   79
   79   79   79   79   79   79   79   79   79
    85.0-180.0 180.0   5.0 450.0                            LAT/LON1/LON2/DLON/H
   79   79   79   80   80   80   80   81   81   81   82   82   82   82   83   83
   83   83   83   83   83   83   83   83   83   83   82   82   82   81   81   80
   80   80   79   79   79   78   78   78   78   78   78   78   78   78   79   79
   79   80   80   80   81   81   81   81   81   81   81   81   81   81   80   80
   80   80   79   79   79   79   79   79   79
    82.5-180.0 180.0   5.0 450.0                            LAT/LON1/LON2/DLON/H
   79   80   80   81   81   82   82   83   83   84   84   85   85   86   86   86
   87   87   87   87   87   87   87   87   87   87   86   86   85   85   84   83
   82   82   81   80   79   79   78   78   77   77   77   77   78   78   79   80
   80   81   82   83   83   84   84   84   85   84   84   84   83   83   82   81
   81   80   80   80   79   79   79   79   79
    80.0-180.0 180.0   5.0 450.0                            LAT/LON1/LON2/DLON/H
   80   80   81   82   82   83   84   85   86   86   87   88   88   89   89   90
   90   90   91   91   91   91   91   91   91   91   90   90   89   88   87   86
   85   84   83   82   81   79   78   78   77   77   76   77   77   78   79   80
   81   82   84   85   86   87   87   87   87   87   87   86   85   84   83   82
   81   80   80   79   79   79   79   79   80
    77.5-180.0 180.0   5.0 450.0                            LAT/LON1/LON2/DLON/H
   81   81   82   83   84   85   86   87   88   89   89   90   91   91   92   92
   92   93   93   94   94   95   95   95   95   94   94   93   92   91   90   89
   88   87   85   84   82   80   79   77   76   75   75   75   75   76   77   79
   80   82   84   85   86   87   88   88   88   88   87   86   85   84   83   81
   80   80   79   79   79   79   79   80   81
    75.0-180.0 180.0   5.0 450.0                            LAT/LON1/LON2/DLON/H
   82   83   84   85   86   87   88   89   90   90   91   92   92   93   93   93
   94   94   95   96   96   97   97   97   97   97   96   95   94   93   92   91
   90   88   87   85   83   81   79   77   75   74   73   73   73   74   75   76
   78   80   81   83   84   85   86   86   86   86   85   84   83   82   81   80
   79   78   78   78   79   80   80   81   82
    72.5-180.0 180.0   5.0 450.0                            LAT/LON1/LON2/DLON/H
   84   85   86   87   87   88   89   90   91   92   92   93   93   93   93   94
   94   95   96   97   98   98   99   99   98   97   96   95   94   93   92   91
   90   89   87   85   83   80   78   75   73   72   71   70   70   71   72   73
   74   76   77   78   79   80   80   80   80   80   80   79   79   78   78   77
   77   77   78   79   80   81   82   83   84
    70.0-180.0 180.0   5.0 450.0                            LAT/LON1/LON2/DLON/H
   88   88   89   89   89   89   90   90   91   92   93   93   94   93   93   93
   93   94   95   97   98   99   99   99   98   97   95   94   93   92   91   90
   90   88   87   85   82   80   77   74   72   70   69   68   68   68   69   69
   70   70   71   71   71   71   71   71   72   72   72   73   73   73   73   74
   75   76   77   79   81   83   85   87   88
    67.5-180.0 180.0   5.0 450.0                            LAT/LON1/LON2/DLON/H
   91   92   92   91   91   90   90   91   92   93   93   94   94   94   93   93
   93   94   95   97   98   99  100   99   98   96   94   92   90   90   89   89
   88   87   86   83   81   78   76   73   71   70   68   68   67   67   67   67
   66   65   64   62   61   60   60   60   61   62   63   65   66   68   69   70
   72   74   77   79   83   85   88   90   91
    65.0-180.0 180.0   5.0 450.0                            LAT/LON1/LON2/DLON/H
   95   95   95   94   93   92   91   91   92   92   93   94   94   94   93   93
   93   94   95   97   99  100  100   99   97   94   92   90   89   88   88   88
   87   86   84   82   80   77   75   73   71   70   70   69   69   68   67   65
   63   60   57   54   51   49   48   48   50   52   54   57   60   62   65   67
   69   72   76   79   83   87   91   93   95
    62.5-180.0 180.0   5.0 450.0                            LAT/LON1/LON2/DLON/H
   97   98   98   97   95   93   92   92   92   92   93   94   94   94   93   93
   93   94   96   98  100  101  101   99   97   94   91   89   88   88   88   88
   88   86   84   81   79   76   75   74   73   73   73   72   72   71   69   66
   62   58   53   47   43   39   38   38   40   43   47   51   55   58   61   64
   67   70   74   78   83   87   92   95   97
    60.0-180.0 180.0   5.0 450.0                            LAT/LON1/LON2/DLON/H
   98  100  101  100   99   97   95   93   92   92   93   94   94   94   94   94
   94   95   97   99  101  102  102  100   97   94   91   90   90   90   91   91
   89   87   84   81   79   77   76   76   76   77   77   77   76   75   72   68
   63   57   50   43   37   33   31   31   33   37   41   46   50   54   58   61
   64   67   71   75   81   86   91   95   98
    57.5-180.0 180.0   5.0 450.0                            LAT/LON1/LON2/DLON/H
   99  102  104  105  104  102   99   96   94   93   93   93   94   95   95   95
   95   96   98  100  102  103  103  101   98   95   93   92   93   94   94   94
   92   89   86   83   81   80   80   81   82   83   83   83   82   80   76   72
   66   58   50   42   35   30   27   28   30   34   39   43   48   52   55   58
   61   64   67   72   77   83   89   94   99
    55.0-180.0 180.0   5.0 450.0                            LAT/LON1/LON2/DLON/H
   98  103  107  110  110  109  105  101   97   94   93   93   94   94   95   96
   97   98  100  102  103  104  103  102   99   97   96   96   97   98   98   98
   95   92   89   86   84   84   86   87   89   89   89   89   87   84   80   75
   69   61   53   44   37   31   29   29   31   34   39   43   47   50   53   55
   58   60   64   68   73   79   86   92   98
    52.5-180.0 180.0   5.0 450.0                            LAT/LON1/LON2/DLON/H
   98  105  111  116  118  118  114  108  102   97   94   93   93   95   96   97
   98  100  101  103  104  104  104  103  101  100   99  100  101  102  102  101
   98   95   91   90   90   91   93   95   97   97   96   94   92   88   84   79
   73   66   57   49   42   36   34   33   35   38   41   43   46   49   51   54
   56   58   62   66   71   77   84   91   98
    50.0-180.0 180.0   5.0 450.0                            LAT/LON1/LON2/DLON/H
   98  107  115  122  126  127  124  117  109  101   96   94   94   95   97   99
  101  102  103  104  105  105  105  104  104  103  103  103  103  104  103  102
   99   97   95   95   97  100  103  105  106  105  103  100   96   92   88   83
   77   71   63   56   49   44   41   40   41   43   44   45   46   48   50   53
   55   58   61   65   70   76   83   91   98
    47.5-180.0 180.0   5.0 450.0                            LAT/LON1/LON2/DLON/H
  100  109  118  127  134  136  133  126  116  107  101   97   96   97   99  101
  103  105  105  106  106  106  106  107  107  107  106  106  105  104  103  102
  100   99   99  101  106  110  115  117  116  114  110  106  101   96   92   87
   82   76   70   63   57   52   50   49   48   48   48   47   47   48   50   53
   56   59   63   66   72   78   85   92  100
    45.0-180.0 180.0   5.0 450.0                            LAT/LON1/LON2/DLON/H
  103  112  121  131  139  143  141  134  125  115  107  102  101  101  103  105
  107  108  108  108  107  108  109  110  111  111  110  108  106  105  103  102
  102  103  105  110  116  122  127  128  127  123  118  113  107  102   97   92
   88   83   77   71   65   61   58   57   55   54   51   49   48   48   51   55
   59   62   65   70   75   82   89   96  103
    42.5-180.0 180.0   5.0 450.0                            LAT/LON1/LON2/DLON/H
  106  113  122  132  141  147  147  141  132  123  115  110  108  107  109  110
  112  112  111  110  110  111  113  115  116  116  115  112  109  106  105  105
  106  109  114  121  128  135  139  140  137  133  127  121  115  110  104   99
   95   90   84   78   73   68   65   63   61   59   55   51   49   50   53   57
   61   65   69   73   79   86   93  100  106
    40.0-180.0 180.0   5.0 450.0                            LAT/LON1/LON2/DLON/H
  109  114  121  130  140  147  149  145  138  131  124  119  116  116  116  117
  118  117  115  114  113  115  117  120  122  122  120  117  114  111  111  112
  116  121  127  134  142  148  151  151  147  142  137  131  125  119  113  107
  102   97   91   84   78   73   70   68   66   62   58   54   52   52   55   60
   64   67   70   75   82   90   97  104  109
    37.5-180.0 180.0   5.0 450.0                            LAT/LON1/LON2/DLON/H
  110  114  119  126  135  143  147  146  142  137  133  129  127  125  125  125
  124  122  120  118  117  119  123  126  128  129  127  125  122  121  123  126
  132  138  144  150  155  159  161  159  156  151  147  142  136  129  121  114
  108  102   95   88   82   76   73   70   68   65   61   57   55   55   58   61
   64   67   70   75   82   91   99  106  110
    35.0-180.0 180.0   5.0 450.0                            LAT/LON1/LON2/DLON/H
  110  112  115  121  129  137  143  145  144  143  141  139  137  135  134  133
  131  128  124  122  121  124  128  132  134  135  135  135  135  137  141  147
  153  159  164  167  169  169  168  165  162  158  154  150  145  137  128  119
  112  105   97   90   83   77   73   71   69   66   63   60   58   58   60   62
   63   64   66   71   79   89   99  106  110
    32.5-180.0 180.0   5.0 450.0                            LAT/LON1/LON2/DLON/H
  108  110  112  116  123  131  138  142  145  146  148  148  147  145  143  141
  138  134  129  126  126  128  132  136  139  141  144  147  152  157  164  172
  179  183  185  183  180  176  172  168  164  161  159  156  150  141  131  121
  112  104   96   88   81   76   72   70   69   67   65   62   61   60   60   61
   60   60   61   65   73   84   95  104  108
    30.0-180.0 180.0   5.0 450.0                            LAT/LON1/LON2/DLON/H
  105  108  110  113  119  127  134  139  144  148  152  155  155  154  152  149
  145  140  134  131  130  133  137  140  143  147  153  161  170  180  190  199
  205  207  204  197  188  180  172  166  162  160  158  155  149  139  128  117
  107   98   90   83   77   72   69   68   67   66   65   64   63   61   60   58
   56   54   54   58   66   78   90  100  105
    27.5-180.0 180.0   5.0 450.0                            LAT/LON1/LON2/DLON/H
  103  107  110  113  119  125  132  138  143  149  155  159  161  161  159  156
  152  147  140  136  135  137  140  143  146  152  162  175  189  202  214  223
  228  227  219  207  193  179  169  161  156  153  151  148  141  131  119  107
   97   89   82   75   71   67   65   65   64   65   65   64   63   61   58   55
   51   48   48   52   60   73   85   96  103
    25.0-180.0 180.0   5.0 450.0                            LAT/LON1/LON2/DLON/H
  102  108  112  117  122  128  133  138  143  149  156  162  165  166  165  163
  160  154  147  143  142  143  145  147  150  158  171  188  206  221  233  241
  244  240  228  212  193  176  162  153  146  143  140  135  128  117  105   94
   84   77   71   66   63   61   61   61   61   62   63   63   62   59   55   50
   46   43   44   48   57   69   81   93  102
    22.5-180.0 180.0   5.0 450.0                            LAT/LON1/LON2/DLON/H
  102  110  117  122  127  132  136  140  143  149  156  162  167  169  170  170
  167  162  156  151  150  150  151  152  155  164  180  200  219  235  246  251
  251  244  230  211  190  171  155  143  135  129  125  119  111  101   90   79
   71   64   59   56   55   55   56   56   56   57   59   60   59   56   51   47
   43   41   43   48   56   68   80   92  102
    20.0-180.0 180.0   5.0 450.0                            LAT/LON1/LON2/DLON/H
  103  113  122  128  134  138  141  142  144  148  154  161  167  170  173  175
  175  172  166  162  160  160  160  160  164  173  190  210  229  243  251  253
  250  241  226  207  185  164  147  134  124  116  109  101   93   84   75   66
   59   53   49   47   48   49   51   51   51   52   54   55   54   51   47   43
   41   41   44   50   59   69   80   92  103
    17.5-180.0 180.0   5.0 450.0                            LAT/LON1/LON2/DLON/H
  105  116  126  134  140  144  145  145  145  147  152  159  166  170  175  179
  182  181  177  173  171  171  171  172  175  185  201  220  236  247  250  248
  242  232  218  199  179  158  141  126  114  104   95   87   79   72   65   58
   51   45   41   40   42   44   46   46   45   46   48   49   49   46   43   40
   40   42   47   54   62   72   82   93  105
    15.0-180.0 180.0   5.0 450.0                            LAT/LON1/LON2/DLON/H
  106  118  129  137  144  148  148  147  145  146  150  157  164  170  176  182
  187  189  188  185  184  184  185  186  190  200  214  229  241  247  246  240
  231  220  207  191  172  154  136  121  108   96   85   76   70   65   60   54
   48   41   37   36   38   40   41   41   40   40   42   43   42   41   39   38
   40   44   49   57   65   74   83   94  106
    12.5-180.0 180.0   5.0 450.0                            LAT/LON1/LON2/DLON/H
  106  118  129  138  145  149  150  147  144  144  149  155  162  169  176  184
  191  196  197  196  195  196  198  202  207  216  227  239  246  246  241  231
  220  209  197  183  167  150  133  118  105   92   80   72   67   64   61   56
   49   42   37   35   36   38   38   37   35   35   36   37   37   36   35   36
   39   44   50   58   66   74   83   94  106
    10.0-180.0 180.0   5.0 450.0                            LAT/LON1/LON2/DLON/H
  104  117  128  137  144  149  150  148  144  144  148  155  162  168  175  184
  194  200  203  203  204  206  211  217  224  233  241  248  250  246  236  224
  210  198  187  176  162  146  131  117  104   91   80   72   68   67   65   61
   53   45   40   37   37   38   37   34   32   32   32   33   32   32   32   35
   38   43   49   55   63   71   81   92  104
     7.5-180.0 180.0   5.0 450.0                            LAT/LON1/LON2/DLON/H
  102  114  126  135  143  149  151  149  145  145  149  156  163  169  176  184
  194  202  206  208  209  214  221  230  240  248  254  256  253  246  234  219
  204  190  180  169  157  143  129  115  103   92   82   75   73   72   71   66
   58   50   43   40   39   38   36   33   31   30   30   30   29   29   30   33
   37   41   45   51   58   67   77   89  102
     5.0-180.0 180.0   5.0 450.0                            LAT/LON1/LON2/DLON/H
   98  112  123  134  143  150  153  151  149  149  153  160  167  172  177  185
  194  202  206  208  211  217  227  240  251  260  263  261  256  246  232  216
  199  184  173  162  151  137  124  113  103   93   84   78   76   76   75   70
   61   53   47   44   42   41   38   34   31   30   29   29   28   28   30   33
   36   38   40   45   51   60   72   85   98
     2.5-180.0 180.0   5.0 450.0                            LAT/LON1/LON2/DLON/H
   96  110  122  134  144  153  157  157  155  155  159  167  173  178  181  187
  194  200  204  206  210  217  229  245  259  267  268  263  255  244  230  212
  194  178  165  154  142  130  118  108  100   92   84   79   77   77   75   69
   61   54   49   47   45   43   40   36   33   31   30   30   29   29   30   33
   35   36   37   39   45   55   67   81   96
